0 2.026528
0 0.007168
0 0.421920
0 0.023520
0 0.071712
0 0.159744
0 0.192352
0 0.020512
0 0.024800
0 0.141120
0 0.270304
0 0.281568
0 0.192480
0 0.133152
0 0.186304
0 0.187392
0 0.188640
0 0.017376
0 0.020480
0 0.127936
0 0.155584
0 0.537728
0 0.204608
0 0.175200
0 0.149504
0 0.273376
0 0.188416
0 0.018592
0 0.040000
0 0.189472
0 0.157728
0 2.333696
0 0.378880
0 0.201696
0 0.233440
0 2.142208
0 0.419872
0 0.284608
0 0.229344
0 0.346112
0 0.215040
0 0.020448
0 0.050144
0 0.017568
0 26.413088
0 2.026528
0 0.007168
0 0.421920
0 0.023520
0 0.071712
0 0.159744
0 0.192352
0 0.020512
0 0.024800
0 0.141120
0 0.270304
0 0.281568
0 0.192480
0 0.133152
0 0.186304
0 0.187392
0 0.188640
0 0.017376
0 0.020480
0 0.127936
0 0.155584
0 0.537728
0 0.204608
0 0.175200
0 0.149504
0 0.273376
0 0.188416
0 0.018592
0 0.040000
0 0.189472
0 0.157728
0 2.333696
0 0.378880
0 0.201696
0 0.233440
0 2.142208
0 0.419872
0 0.284608
0 0.229344
0 0.346112
0 0.215040
0 0.020448
0 0.050144
0 0.017568
0 26.413088
