0 0 0 2.170656  0
0 0 1 3.855136  0
0 0 2 4.627232  0
0 0 3 4.870912  0
0 0 4 4.892416  0
0 0 5 5.084416  0
0 0 6 5.39472  0
0 0 7 5.577056  0
0 0 8 5.624128  0
0 0 9 5.769152  0
0 0 10 6.026208  0
0 0 11 6.312736  0
0 0 12 6.348832  0
0 0 13 6.513984  0
0 0 14 7.021984  0
0 0 15 7.19792  0
0 0 16 7.234816  0
0 0 17 7.494048  0
0 0 18 8.131296  0
0 0 19 8.499936  0
0 0 20 8.54416  0
0 0 21 9.141088  0
0 0 22 9.779232  0
0 0 23 10.283328  0
0 0 24 10.504704  0
0 0 25 13.79104  0
0 0 26 13.807424  0
0 1 0 18.757664  0
0 1 1 20.442144  0
0 1 2 22.392672  0
0 1 3 23.337792  0
0 1 4 24.2624  0
0 1 5 24.356832  0
0 1 6 24.74816  0
0 1 7 24.910976  0
0 1 8 24.928352  0
0 1 9 24.943712  0
0 1 10 25.200768  0
0 1 11 25.466816  0
0 1 12 25.493408  0
0 1 13 25.503936  0
0 1 14 25.765056  0
0 1 15 25.92256  0
0 1 16 25.950208  0
0 1 17 25.977984  0
0 1 18 26.325312  0
0 1 19 26.674496  0
0 1 20 26.709312  0
0 1 21 26.71952  0
0 1 22 27.357664  0
0 1 23 27.7376  0
0 1 24 27.9496  0
0 1 25 28.08304  0
0 1 26 28.099424  0
1 0 0 0  1
1 0 1 4.379456  1
1 0 2 4.385568  1
1 0 3 4.850464  1
1 0 4 4.892416  1
1 0 5 4.962304  1
1 0 6 5.243104  1
1 0 7 5.557536  1
1 0 8 5.594432  1
1 0 9 5.639488  1
1 0 10 6.026208  1
1 0 11 6.292256  1
1 0 12 6.339328  1
1 0 13 6.35936  1
1 0 14 6.775104  1
1 0 15 7.179488  1
1 0 16 7.225568  1
1 0 17 7.262592  1
1 0 18 7.841376  1
1 0 19 8.48048  1
1 0 20 8.534752  1
1 0 21 8.554368  1
1 0 22 9.779232  1
1 0 23 10.18608  1
1 0 24 10.495328  1
1 0 25 10.638144  1
1 0 26 14.060576  1
1 0 27 14.883904  1
1 0 28 20.966464  1
1 0 29 22.615904  1
1 0 30 23.359296  1
1 0 31 24.332288  1
1 0 32 24.51552  1