0 m 0.032832 4.68278
0 m 7.01152 7.13654
0 c 7.33293 7.69338
0 m 7.88384 7.9033
0 c 8.01184 8.06096
0 m 8.21869 8.35894
0 c 8.54838 8.744
0 m 8.98259 8.99898
0 c 9.09213 9.12493
0 m 9.28998 9.4015
0 c 9.8376 9.97482
0 m 10.1817 10.4448
0 c 10.6261 10.8063
0 m 11.3941 11.5231
0 c 13.0376 13.1852
0 m 14.5982 14.7682
0 c 15.0375 15.231
0 m 15.4041 15.4194
0 c 16.3523 16.3902
0 m 16.5716 16.7465
0 c 16.8848 17.0568
0 m 17.2759 17.831
0 c 19.1888 19.3875
0 m 19.8349 19.9937
0 c 20.2538 20.4033
0 m 20.6193 20.8835
0 c 21.1948 21.3412
0 m 21.6454 21.6587
0 c 22.0324 22.0673
0 m 22.3038 22.517
0 c 22.6817 22.8527
0 m 23.206 25.4454
0 c 25.8571 26.1499
0 m 26.8393 27.0113
0 c 27.3101 27.5518
0 m 27.8805 28.5809
0 c 28.9567 29.2364
0 m 29.8642 30.082
0 c 30.4016 30.6268
0 m 30.9013 31.2321
0 c 31.5177 31.743
0 m 32.1485 32.1619
0 c 32.4538 32.4936
0 m 32.6299 32.6432
0 c 32.7506 57.3061
1 m 5.35043 6.9489
1 m 7.17728 7.29296
1 c 7.73533 7.84797
1 m 7.96778 7.98317
1 c 8.08042 8.1103
1 m 8.39386 8.50848
1 c 8.85046 9.03277
1 m 9.24778 9.26118
1 c 9.45978 9.49152
1 m 10.0055 10.1489
1 c 10.4787 10.5964
1 m 11.2282 11.3514
1 c 11.5653 11.8006
1 m 13.22 13.3827
1 c 14.8144 14.9791
1 m 15.2034 15.357
1 c 16.1477 16.3697
1 m 16.4998 16.5193
1 c 16.7906 16.8285
1 m 17.1009 17.229
1 c 17.8812 19.1233
1 m 19.41 19.7837
1 c 20.0387 20.223
1 m 20.4258 20.5722
1 c 20.9624 21.1446
1 m 21.3394 21.5891
1 c 21.8246 22.0355
1 m 22.2284 22.2526
1 c 22.5649 22.6089
1 m 22.8815 23.1477
1 c 25.5386 25.812
1 m 26.0271 26.7592
1 c 27.0603 27.4207
1 m 27.6481 27.8375
1 c 28.6843 28.9772
1 m 29.1523 29.7872
1 c 30.1374 30.4907
1 m 30.6391 30.8531
1 c 31.2955 31.5495
1 m 31.7502 32.0883
1 c 32.2674 32.4467
1 m 32.5346 32.551
1 c 32.6861 32.7179
1 m 57.3092 57.3113
1 c 57.5489 85.5132
