0 0 0 3.209472 M 
0 0 1 6.190336 M 
0 0 2 7.057632 L 
0 0 3 7.057632 M 
0 0 4 7.324192 L 
0 0 5 7.080128 M 
0 0 6 7.374528 L 
0 0 7 7.235776 M 
0 0 8 7.576224 L 
0 0 9 7.258304 M 
0 0 10 7.613056 L 
0 0 11 7.426400 M 
0 0 12 7.793984 L 
0 0 13 7.447872 M 
0 0 14 7.826784 H 
0 0 15 7.616896 M 
0 0 16 8.114720 H 
0 0 17 7.637344 M 
0 0 18 8.126080 H 
0 0 19 7.950688 M 
0 0 20 8.362592 H 
0 0 21 7.962976 M 
0 0 22 9.870016 H 
0 0 23 9.206272 M 
0 0 24 19.016096 H 
0 0 25 9.416160 M 
0 0 26 19.148288 L 
0 1 0 24.058272 M 
0 1 1 28.125600 M 
0 1 2 30.378336 H 
0 1 3 29.021568 M 
0 1 4 30.644896 L 
0 1 5 29.044064 M 
0 1 6 30.695232 L 
0 1 7 29.199712 M 
0 1 8 30.896928 L 
0 1 9 29.222240 M 
0 1 10 30.933760 L 
0 1 11 29.390336 M 
0 1 12 31.114688 H 
0 1 13 29.411808 M 
0 1 14 31.147488 H 
0 1 15 29.580832 M 
0 1 16 31.382944 L 
0 1 17 29.601280 M 
0 1 18 31.394304 H 
0 1 19 29.914624 M 
0 1 20 31.630816 L 
0 1 21 29.926912 M 
0 1 22 31.647296 L 
0 1 23 30.941664 M 
0 1 24 32.047680 L 
0 1 25 31.129024 M 
0 1 26 32.179872 L 
0 2 0 40.000000 M 
0 2 1 42.820096 M 
0 2 2 43.687392 L 
0 2 3 43.687392 M 
0 2 4 43.953952 L 
0 2 5 43.709888 M 
0 2 6 44.004288 L 
0 2 7 43.865536 M 
0 2 8 44.205984 L 
0 2 9 43.888064 M 
0 2 10 44.242816 L 
0 2 11 44.056160 M 
0 2 12 44.423744 L 
0 2 13 44.077632 M 
0 2 14 44.456544 L 
0 2 15 44.246656 M 
0 2 16 44.692000 L 
0 2 17 44.267104 M 
0 2 18 44.703360 L 
0 2 19 44.580448 M 
0 2 20 44.939872 L 
0 2 21 44.592736 M 
0 2 22 45.607488 L 
0 2 23 45.607488 M 
0 2 24 46.007872 L 
0 2 25 45.794848 M 
0 2 26 46.140064 L 
1 0 0 0.000000 M 
1 0 1 3.021824 M 
1 0 2 3.026944 L 
1 0 3 3.026944 M 
1 0 4 8.062240 H 
1 0 5 3.047456 M 
1 0 6 8.379072 H 
1 0 7 3.189024 M 
1 0 8 8.541856 L 
1 0 9 6.029568 M 
1 0 10 8.593056 L 
1 0 11 6.169888 M 
1 0 12 8.761824 L 
1 0 13 8.977728 M 
1 0 14 9.206272 L 
1 0 15 9.393632 M 
1 0 16 9.858720 H 
1 0 17 9.436576 M 
1 0 18 10.110368 L 
1 0 19 10.110368 M 
1 0 20 10.455104 L 
1 0 21 10.136992 M 
1 0 22 12.205504 L 
1 0 23 12.205504 M 
1 0 24 12.924992 L 
1 0 25 12.236192 M 
1 0 26 16.800160 H 
1 0 27 16.800160 M 
1 0 28 24.058272 L 
1 0 29 26.878368 M 
1 0 30 28.267904 H 
1 0 31 28.992896 M 
1 0 32 30.087520 H